============================================================
SAVED KEYFRAME - Copy this into your XML file
============================================================

<key name="custom_pose"
  qpos="
  0.000005 0.000000 0.790017 1.000000 -0.000000 0.000003 0.000000 
  -0.010550 0.000815 -0.000241 -0.001482 0.010130 -0.000590 -0.010539 
  -0.000765 0.000230 -0.001482 0.010120 0.000558 0.000002 -0.000066 
  0.029937 -0.566296 0.457365 -0.002595 1.096360 -0.334260 0.002743 
  -0.516273 -0.000067 -0.724278 0.000003 0.000005 0.000001 0.000005 
  0.000001 -0.566293 -0.457368 0.002594 1.096362 0.334260 0.002743 
  0.516272 -0.000067 0.724278 -0.000003 -0.000005 -0.000001 -0.000005 
  -0.000001 0.326295 0.000056 0.798756 1.000000 -0.000128 0.000004 
  0.000066 0.699972 0.000004 0.299973 1.000000 0.000000 -0.000000 
  0.000001 "
  ctrl="
  0.000000 0.000000 0.000000 0.000000 0.000000 0.000000 0.000000 
  0.000000 0.000000 0.000000 0.000000 0.000000 0.000000 0.000000 
  0.000000 -0.583835 0.466400 0.000000 1.088880 -0.335240 0.000000 
  -0.516480 0.000000 -0.724300 0.000000 0.000000 0.000000 0.000000 
  0.000000 -0.583835 -0.466400 -0.000000 1.088880 0.335240 0.000000 
  0.516480 0.000000 0.724300 -0.000000 -0.000000 -0.000000 -0.000000 
  -0.000000 "
/>

============================================================
HUMAN READABLE FORMAT
============================================================

Number of qpos elements: 64
Number of ctrl elements: 43

qpos values:
  [ 0] +0.000005
  [ 1] +0.000000
  [ 2] +0.790017
  [ 3] +1.000000
  [ 4] -0.000000
  [ 5] +0.000003
  [ 6] +0.000000
  [ 7] -0.010550
  [ 8] +0.000815
  [ 9] -0.000241
  [10] -0.001482
  [11] +0.010130
  [12] -0.000590
  [13] -0.010539
  [14] -0.000765
  [15] +0.000230
  [16] -0.001482
  [17] +0.010120
  [18] +0.000558
  [19] +0.000002
  [20] -0.000066
  [21] +0.029937
  [22] -0.566296
  [23] +0.457365
  [24] -0.002595
  [25] +1.096360
  [26] -0.334260
  [27] +0.002743
  [28] -0.516273
  [29] -0.000067
  [30] -0.724278
  [31] +0.000003
  [32] +0.000005
  [33] +0.000001
  [34] +0.000005
  [35] +0.000001
  [36] -0.566293
  [37] -0.457368
  [38] +0.002594
  [39] +1.096362
  [40] +0.334260
  [41] +0.002743
  [42] +0.516272
  [43] -0.000067
  [44] +0.724278
  [45] -0.000003
  [46] -0.000005
  [47] -0.000001
  [48] -0.000005
  [49] -0.000001
  [50] +0.326295
  [51] +0.000056
  [52] +0.798756
  [53] +1.000000
  [54] -0.000128
  [55] +0.000004
  [56] +0.000066
  [57] +0.699972
  [58] +0.000004
  [59] +0.299973
  [60] +1.000000
  [61] +0.000000
  [62] -0.000000
  [63] +0.000001

ctrl values:
  [ 0] +0.000000
  [ 1] +0.000000
  [ 2] +0.000000
  [ 3] +0.000000
  [ 4] +0.000000
  [ 5] +0.000000
  [ 6] +0.000000
  [ 7] +0.000000
  [ 8] +0.000000
  [ 9] +0.000000
  [10] +0.000000
  [11] +0.000000
  [12] +0.000000
  [13] +0.000000
  [14] +0.000000
  [15] -0.583835
  [16] +0.466400
  [17] +0.000000
  [18] +1.088880
  [19] -0.335240
  [20] +0.000000
  [21] -0.516480
  [22] +0.000000
  [23] -0.724300
  [24] +0.000000
  [25] +0.000000
  [26] +0.000000
  [27] +0.000000
  [28] +0.000000
  [29] -0.583835
  [30] -0.466400
  [31] -0.000000
  [32] +1.088880
  [33] +0.335240
  [34] +0.000000
  [35] +0.516480
  [36] +0.000000
  [37] +0.724300
  [38] -0.000000
  [39] -0.000000
  [40] -0.000000
  [41] -0.000000
  [42] -0.000000
